taxon	plot	abund	seed_mass	wood_density	leaf_size	specific_leaf_area	leaf_Nmass	maximum_height	vessel_density	vessel_area	leaf_area2sapwood_area	total_lumen_area	leaf_Narea
Acer macrophyllum	45	5	108.4742963	0.432317741	149.5312292	295.4804733	2.648282839	14.7	209.12	0.5658	157.93	118.322	0.896263232
Acer macrophyllum	47	5	108.4742963	0.432317741	149.5312292	295.4804733	2.648282839	14.7	209.12	0.5658	157.93	118.322	0.896263232
Acer negundo var. californicum	20	30	28.01182627	0.491722977	20.0116574	263.5345059	2.476079805	15.5	244.11	0.4968	131.75	121.275	0.939565692
Acer negundo var. californicum	21	30	28.01182627	0.491722977	20.0116574	263.5345059	2.476079805	15.5	244.11	0.4968	131.75	121.275	0.939565692
Acer negundo var. californicum	22	5	28.01182627	0.491722977	20.0116574	263.5345059	2.476079805	15.5	244.11	0.4968	131.75	121.275	0.939565692
Acer negundo var. californicum	24	30	28.01182627	0.491722977	20.0116574	263.5345059	2.476079805	15.5	244.11	0.4968	131.75	121.275	0.939565692
Acer negundo var. californicum	25	50	28.01182627	0.491722977	20.0116574	263.5345059	2.476079805	15.5	244.11	0.4968	131.75	121.275	0.939565692
Acer negundo var. californicum	28	5	28.01182627	0.491722977	20.0116574	263.5345059	2.476079805	15.5	244.11	0.4968	131.75	121.275	0.939565692
Acer negundo var. californicum	31	70	28.01182627	0.491722977	20.0116574	263.5345059	2.476079805	15.5	244.11	0.4968	131.75	121.275	0.939565692
Adenostoma fasciculatum	4	50	0.858973267	0.751012489	0.062485587	57.21740832	1.018877691	4	779.05	0.1646	11.33	128.231	1.780712761
Adenostoma fasciculatum	6	50	0.858973267	0.751012489	0.062485587	57.21740832	1.018877691	4	779.05	0.1646	11.33	128.231	1.780712761
Adenostoma fasciculatum	7	15	0.858973267	0.751012489	0.062485587	57.21740832	1.018877691	4	779.05	0.1646	11.33	128.231	1.780712761
Adenostoma fasciculatum	10	70	0.858973267	0.751012489	0.062485587	57.21740832	1.018877691	4	779.05	0.1646	11.33	128.231	1.780712761
Adenostoma fasciculatum	11	30	0.858973267	0.751012489	0.062485587	57.21740832	1.018877691	4	779.05	0.1646	11.33	128.231	1.780712761
Adenostoma fasciculatum	12	50	0.858973267	0.751012489	0.062485587	57.21740832	1.018877691	4	779.05	0.1646	11.33	128.231	1.780712761
Adenostoma fasciculatum	14	15	0.858973267	0.751012489	0.062485587	57.21740832	1.018877691	4	779.05	0.1646	11.33	128.231	1.780712761
Adenostoma fasciculatum	16	30	0.858973267	0.751012489	0.062485587	57.21740832	1.018877691	4	779.05	0.1646	11.33	128.231	1.780712761
Adenostoma fasciculatum	18	70	0.858973267	0.751012489	0.062485587	57.21740832	1.018877691	4	779.05	0.1646	11.33	128.231	1.780712761
Adenostoma fasciculatum	30	15	0.858973267	0.751012489	0.062485587	57.21740832	1.018877691	4	779.05	0.1646	11.33	128.231	1.780712761
Adenostoma fasciculatum	37	30	0.858973267	0.751012489	0.062485587	57.21740832	1.018877691	4	779.05	0.1646	11.33	128.231	1.780712761
Adenostoma fasciculatum	39	70	0.858973267	0.751012489	0.062485587	57.21740832	1.018877691	4	779.05	0.1646	11.33	128.231	1.780712761
Adenostoma fasciculatum	49	15	0.858973267	0.751012489	0.062485587	57.21740832	1.018877691	4	779.05	0.1646	11.33	128.231	1.780712761
Aesculus californica	1	5	35714.28571	0.482692187	19.47733774	182.7223471	2.057037097	14.4	397.9	0.3266	99.12	129.953	1.125772042
Aesculus californica	3	30	35714.28571	0.482692187	19.47733774	182.7223471	2.057037097	14.4	397.9	0.3266	99.12	129.953	1.125772042
Aesculus californica	5	15	35714.28571	0.482692187	19.47733774	182.7223471	2.057037097	14.4	397.9	0.3266	99.12	129.953	1.125772042
Aesculus californica	14	5	35714.28571	0.482692187	19.47733774	182.7223471	2.057037097	14.4	397.9	0.3266	99.12	129.953	1.125772042
Aesculus californica	15	30	35714.28571	0.482692187	19.47733774	182.7223471	2.057037097	14.4	397.9	0.3266	99.12	129.953	1.125772042
Aesculus californica	19	30	35714.28571	0.482692187	19.47733774	182.7223471	2.057037097	14.4	397.9	0.3266	99.12	129.953	1.125772042
Aesculus californica	30	30	35714.28571	0.482692187	19.47733774	182.7223471	2.057037097	14.4	397.9	0.3266	99.12	129.953	1.125772042
Aesculus californica	35	70	35714.28571	0.482692187	19.47733774	182.7223471	2.057037097	14.4	397.9	0.3266	99.12	129.953	1.125772042
Aesculus californica	40	15	35714.28571	0.482692187	19.47733774	182.7223471	2.057037097	14.4	397.9	0.3266	99.12	129.953	1.125772042
Aesculus californica	43	15	35714.28571	0.482692187	19.47733774	182.7223471	2.057037097	14.4	397.9	0.3266	99.12	129.953	1.125772042
Aesculus californica	46	5	35714.28571	0.482692187	19.47733774	182.7223471	2.057037097	14.4	397.9	0.3266	99.12	129.953	1.125772042
Aesculus californica	47	15	35714.28571	0.482692187	19.47733774	182.7223471	2.057037097	14.4	397.9	0.3266	99.12	129.953	1.125772042
Aesculus californica	48	70	35714.28571	0.482692187	19.47733774	182.7223471	2.057037097	14.4	397.9	0.3266	99.12	129.953	1.125772042
Aesculus californica	50	30	35714.28571	0.482692187	19.47733774	182.7223471	2.057037097	14.4	397.9	0.3266	99.12	129.953	1.125772042
Alnus rhombifolia	22	5	0.519186301	0.524421251	31.99366667	287.6674493	3.364303308	26.1	305.59	0.5095	82.52	155.696	1.169511294
Alnus rhombifolia	45	30	0.519186301	0.524421251	31.99366667	287.6674493	3.364303308	26.1	305.59	0.5095	82.52	155.696	1.169511294
Alnus rhombifolia	47	15	0.519186301	0.524421251	31.99366667	287.6674493	3.364303308	26.1	305.59	0.5095	82.52	155.696	1.169511294
Amelanchier utahensis	50	30	9.324598837	0.798413987	2.9055	100.2242295	2.385534358	3.1	445.23	0.2399	10.99	106.811	2.380197254
Arbutus menziesii	7	5	1.732900414	0.571839825	49.27275382	83.45616868	1.216582259	21.9	515.4	0.3123	82.66	160.959	1.457749953
Arbutus menziesii	26	15	1.732900414	0.571839825	49.27275382	83.45616868	1.216582259	21.9	515.4	0.3123	82.66	160.959	1.457749953
Arbutus menziesii	40	5	1.732900414	0.571839825	49.27275382	83.45616868	1.216582259	21.9	515.4	0.3123	82.66	160.959	1.457749953
Arbutus menziesii	41	5	1.732900414	0.571839825	49.27275382	83.45616868	1.216582259	21.9	515.4	0.3123	82.66	160.959	1.457749953
Arbutus menziesii	45	5	1.732900414	0.571839825	49.27275382	83.45616868	1.216582259	21.9	515.4	0.3123	82.66	160.959	1.457749953
Arbutus menziesii	46	5	1.732900414	0.571839825	49.27275382	83.45616868	1.216582259	21.9	515.4	0.3123	82.66	160.959	1.457749953
Artemisia californica	6	5	0.06	0.752895991	0.245091705	111.4051714	1.88279823	2.6	607.2	0.2052	26.15	124.598	1.690045629
Artemisia californica	10	15	0.06	0.752895991	0.245091705	111.4051714	1.88279823	2.6	607.2	0.2052	26.15	124.598	1.690045629
Artemisia californica	11	5	0.06	0.752895991	0.245091705	111.4051714	1.88279823	2.6	607.2	0.2052	26.15	124.598	1.690045629
Artemisia californica	14	15	0.06	0.752895991	0.245091705	111.4051714	1.88279823	2.6	607.2	0.2052	26.15	124.598	1.690045629
Artemisia californica	16	30	0.06	0.752895991	0.245091705	111.4051714	1.88279823	2.6	607.2	0.2052	26.15	124.598	1.690045629
Artemisia californica	19	5	0.06	0.752895991	0.245091705	111.4051714	1.88279823	2.6	607.2	0.2052	26.15	124.598	1.690045629
Artemisia californica	30	5	0.06	0.752895991	0.245091705	111.4051714	1.88279823	2.6	607.2	0.2052	26.15	124.598	1.690045629
Artemisia californica	34	30	0.06	0.752895991	0.245091705	111.4051714	1.88279823	2.6	607.2	0.2052	26.15	124.598	1.690045629
Artemisia californica	37	15	0.06	0.752895991	0.245091705	111.4051714	1.88279823	2.6	607.2	0.2052	26.15	124.598	1.690045629
Artemisia californica	41	15	0.06	0.752895991	0.245091705	111.4051714	1.88279823	2.6	607.2	0.2052	26.15	124.598	1.690045629
Artemisia californica	49	50	0.06	0.752895991	0.245091705	111.4051714	1.88279823	2.6	607.2	0.2052	26.15	124.598	1.690045629
Baccharis pilularis	1	5	0.109701761	0.592036792	1.525872383	126.3093307	2.252052108	3.8	753.4	0.1374	47.92	103.518	1.782965753
Baccharis pilularis	3	5	0.109701761	0.592036792	1.525872383	126.3093307	2.252052108	3.8	753.4	0.1374	47.92	103.518	1.782965753
Baccharis pilularis	6	5	0.109701761	0.592036792	1.525872383	126.3093307	2.252052108	3.8	753.4	0.1374	47.92	103.518	1.782965753
Baccharis pilularis	7	5	0.109701761	0.592036792	1.525872383	126.3093307	2.252052108	3.8	753.4	0.1374	47.92	103.518	1.782965753
Baccharis pilularis	9	5	0.109701761	0.592036792	1.525872383	126.3093307	2.252052108	3.8	753.4	0.1374	47.92	103.518	1.782965753
Baccharis pilularis	11	15	0.109701761	0.592036792	1.525872383	126.3093307	2.252052108	3.8	753.4	0.1374	47.92	103.518	1.782965753
Baccharis pilularis	12	5	0.109701761	0.592036792	1.525872383	126.3093307	2.252052108	3.8	753.4	0.1374	47.92	103.518	1.782965753
Baccharis pilularis	13	5	0.109701761	0.592036792	1.525872383	126.3093307	2.252052108	3.8	753.4	0.1374	47.92	103.518	1.782965753
Baccharis pilularis	14	5	0.109701761	0.592036792	1.525872383	126.3093307	2.252052108	3.8	753.4	0.1374	47.92	103.518	1.782965753
Baccharis pilularis	15	15	0.109701761	0.592036792	1.525872383	126.3093307	2.252052108	3.8	753.4	0.1374	47.92	103.518	1.782965753
Baccharis pilularis	18	5	0.109701761	0.592036792	1.525872383	126.3093307	2.252052108	3.8	753.4	0.1374	47.92	103.518	1.782965753
Baccharis pilularis	19	5	0.109701761	0.592036792	1.525872383	126.3093307	2.252052108	3.8	753.4	0.1374	47.92	103.518	1.782965753
Baccharis pilularis	24	5	0.109701761	0.592036792	1.525872383	126.3093307	2.252052108	3.8	753.4	0.1374	47.92	103.518	1.782965753
Baccharis pilularis	26	5	0.109701761	0.592036792	1.525872383	126.3093307	2.252052108	3.8	753.4	0.1374	47.92	103.518	1.782965753
Baccharis pilularis	27	5	0.109701761	0.592036792	1.525872383	126.3093307	2.252052108	3.8	753.4	0.1374	47.92	103.518	1.782965753
Baccharis pilularis	30	5	0.109701761	0.592036792	1.525872383	126.3093307	2.252052108	3.8	753.4	0.1374	47.92	103.518	1.782965753
Baccharis pilularis	34	5	0.109701761	0.592036792	1.525872383	126.3093307	2.252052108	3.8	753.4	0.1374	47.92	103.518	1.782965753
Baccharis pilularis	37	15	0.109701761	0.592036792	1.525872383	126.3093307	2.252052108	3.8	753.4	0.1374	47.92	103.518	1.782965753
Baccharis pilularis	40	5	0.109701761	0.592036792	1.525872383	126.3093307	2.252052108	3.8	753.4	0.1374	47.92	103.518	1.782965753
Baccharis pilularis	41	5	0.109701761	0.592036792	1.525872383	126.3093307	2.252052108	3.8	753.4	0.1374	47.92	103.518	1.782965753
Baccharis pilularis	42	5	0.109701761	0.592036792	1.525872383	126.3093307	2.252052108	3.8	753.4	0.1374	47.92	103.518	1.782965753
Baccharis pilularis	43	5	0.109701761	0.592036792	1.525872383	126.3093307	2.252052108	3.8	753.4	0.1374	47.92	103.518	1.782965753
Baccharis pilularis	45	5	0.109701761	0.592036792	1.525872383	126.3093307	2.252052108	3.8	753.4	0.1374	47.92	103.518	1.782965753
Baccharis pilularis	46	5	0.109701761	0.592036792	1.525872383	126.3093307	2.252052108	3.8	753.4	0.1374	47.92	103.518	1.782965753
Baccharis pilularis	47	5	0.109701761	0.592036792	1.525872383	126.3093307	2.252052108	3.8	753.4	0.1374	47.92	103.518	1.782965753
Baccharis pilularis	49	5	0.109701761	0.592036792	1.525872383	126.3093307	2.252052108	3.8	753.4	0.1374	47.92	103.518	1.782965753
Ceanothus cuneatus var. cuneatus	4	15	8.832626778	0.697505718	0.95735868	44.64206342	1.470755795	3.2	206.12	0.1394	6.38	28.733	3.294551556
Ceanothus cuneatus var. cuneatus	6	15	8.832626778	0.697505718	0.95735868	44.64206342	1.470755795	3.2	206.12	0.1394	6.38	28.733	3.294551556
Ceanothus cuneatus var. cuneatus	7	5	8.832626778	0.697505718	0.95735868	44.64206342	1.470755795	3.2	206.12	0.1394	6.38	28.733	3.294551556
Ceanothus cuneatus var. cuneatus	11	5	8.832626778	0.697505718	0.95735868	44.64206342	1.470755795	3.2	206.12	0.1394	6.38	28.733	3.294551556
Ceanothus cuneatus var. cuneatus	12	15	8.832626778	0.697505718	0.95735868	44.64206342	1.470755795	3.2	206.12	0.1394	6.38	28.733	3.294551556
Ceanothus cuneatus var. cuneatus	14	5	8.832626778	0.697505718	0.95735868	44.64206342	1.470755795	3.2	206.12	0.1394	6.38	28.733	3.294551556
Ceanothus cuneatus var. cuneatus	15	5	8.832626778	0.697505718	0.95735868	44.64206342	1.470755795	3.2	206.12	0.1394	6.38	28.733	3.294551556
Ceanothus cuneatus var. cuneatus	16	30	8.832626778	0.697505718	0.95735868	44.64206342	1.470755795	3.2	206.12	0.1394	6.38	28.733	3.294551556
Ceanothus cuneatus var. cuneatus	18	5	8.832626778	0.697505718	0.95735868	44.64206342	1.470755795	3.2	206.12	0.1394	6.38	28.733	3.294551556
Ceanothus cuneatus var. cuneatus	37	5	8.832626778	0.697505718	0.95735868	44.64206342	1.470755795	3.2	206.12	0.1394	6.38	28.733	3.294551556
Ceanothus cuneatus var. cuneatus	41	5	8.832626778	0.697505718	0.95735868	44.64206342	1.470755795	3.2	206.12	0.1394	6.38	28.733	3.294551556
Ceanothus cuneatus var. cuneatus	49	5	8.832626778	0.697505718	0.95735868	44.64206342	1.470755795	3.2	206.12	0.1394	6.38	28.733	3.294551556
Ceanothus oliganthus var. sorediatus	13	5	4.030050368	0.669869297	2.242267163	78.00013597	1.575450982	4.2	258.94	0.1776	11.83	45.988	2.01980543
Cercocarpus betuloides var. betuloides	4	15	16.237	0.800208308	1.414471093	70.5244915	2.139982197	9.8	186.74	0.2592	9.79	48.404	3.034381605
Cercocarpus betuloides var. betuloides	10	15	16.237	0.800208308	1.414471093	70.5244915	2.139982197	9.8	186.74	0.2592	9.79	48.404	3.034381605
Cercocarpus betuloides var. betuloides	14	15	16.237	0.800208308	1.414471093	70.5244915	2.139982197	9.8	186.74	0.2592	9.79	48.404	3.034381605
Cercocarpus betuloides var. betuloides	18	15	16.237	0.800208308	1.414471093	70.5244915	2.139982197	9.8	186.74	0.2592	9.79	48.404	3.034381605
Cercocarpus betuloides var. betuloides	50	5	16.237	0.800208308	1.414471093	70.5244915	2.139982197	9.8	186.74	0.2592	9.79	48.404	3.034381605
Clematis lasiantha	4	5	4.041428571	0.583842597	6.250468858	145.0501996	1.487600728	NA	535.08	0.8287	237.95	443.421	1.025576478
Clematis lasiantha	5	5	4.041428571	0.583842597	6.250468858	145.0501996	1.487600728	NA	535.08	0.8287	237.95	443.421	1.025576478
Clematis lasiantha	7	5	4.041428571	0.583842597	6.250468858	145.0501996	1.487600728	NA	535.08	0.8287	237.95	443.421	1.025576478
Clematis lasiantha	10	5	4.041428571	0.583842597	6.250468858	145.0501996	1.487600728	NA	535.08	0.8287	237.95	443.421	1.025576478
Clematis lasiantha	13	5	4.041428571	0.583842597	6.250468858	145.0501996	1.487600728	NA	535.08	0.8287	237.95	443.421	1.025576478
Clematis lasiantha	14	5	4.041428571	0.583842597	6.250468858	145.0501996	1.487600728	NA	535.08	0.8287	237.95	443.421	1.025576478
Clematis lasiantha	18	5	4.041428571	0.583842597	6.250468858	145.0501996	1.487600728	NA	535.08	0.8287	237.95	443.421	1.025576478
Clematis lasiantha	37	5	4.041428571	0.583842597	6.250468858	145.0501996	1.487600728	NA	535.08	0.8287	237.95	443.421	1.025576478
Cornus glabrata	22	5	37.726	0.682881796	14.5065625	246.4654003	2.36772728	2.8	280.94	0.3142	90.69	88.272	0.960673294
Cornus glabrata	31	5	37.726	0.682881796	14.5065625	246.4654003	2.36772728	2.8	280.94	0.3142	90.69	88.272	0.960673294
Cornus sericea ssp. sericea	21	30	29.22504439	0.482239915	21.91629603	250.426336	2.213714798	8	429.06	0.4442	124.31	190.591	0.883978432
Cornus sericea ssp. sericea	22	5	29.22504439	0.482239915	21.91629603	250.426336	2.213714798	8	429.06	0.4442	124.31	190.591	0.883978432
Cornus sericea ssp. sericea	24	50	29.22504439	0.482239915	21.91629603	250.426336	2.213714798	8	429.06	0.4442	124.31	190.591	0.883978432
Cornus sericea ssp. sericea	25	5	29.22504439	0.482239915	21.91629603	250.426336	2.213714798	8	429.06	0.4442	124.31	190.591	0.883978432
Cornus sericea ssp. sericea	28	30	29.22504439	0.482239915	21.91629603	250.426336	2.213714798	8	429.06	0.4442	124.31	190.591	0.883978432
Corylus cornuta var. californica	47	5	387.2257778	0.562635554	33.21333333	302.3202387	2.175601815	3	312.62	0.418	87.81	130.675	0.719634856
Dirca occidentalis	1	5	17.41014408	0.326361654	12.0422475	231.9230653	2.199052352	2.3	2249.81	0.1445	45.15	325.097	0.948181825
Dirca occidentalis	3	5	17.41014408	0.326361654	12.0422475	231.9230653	2.199052352	2.3	2249.81	0.1445	45.15	325.097	0.948181825
Dirca occidentalis	7	5	17.41014408	0.326361654	12.0422475	231.9230653	2.199052352	2.3	2249.81	0.1445	45.15	325.097	0.948181825
Dirca occidentalis	11	5	17.41014408	0.326361654	12.0422475	231.9230653	2.199052352	2.3	2249.81	0.1445	45.15	325.097	0.948181825
Dirca occidentalis	13	5	17.41014408	0.326361654	12.0422475	231.9230653	2.199052352	2.3	2249.81	0.1445	45.15	325.097	0.948181825
Dirca occidentalis	14	5	17.41014408	0.326361654	12.0422475	231.9230653	2.199052352	2.3	2249.81	0.1445	45.15	325.097	0.948181825
Dirca occidentalis	18	5	17.41014408	0.326361654	12.0422475	231.9230653	2.199052352	2.3	2249.81	0.1445	45.15	325.097	0.948181825
Dirca occidentalis	27	5	17.41014408	0.326361654	12.0422475	231.9230653	2.199052352	2.3	2249.81	0.1445	45.15	325.097	0.948181825
Dirca occidentalis	30	5	17.41014408	0.326361654	12.0422475	231.9230653	2.199052352	2.3	2249.81	0.1445	45.15	325.097	0.948181825
Dirca occidentalis	35	15	17.41014408	0.326361654	12.0422475	231.9230653	2.199052352	2.3	2249.81	0.1445	45.15	325.097	0.948181825
Dirca occidentalis	48	5	17.41014408	0.326361654	12.0422475	231.9230653	2.199052352	2.3	2249.81	0.1445	45.15	325.097	0.948181825
Dirca occidentalis	49	5	17.41014408	0.326361654	12.0422475	231.9230653	2.199052352	2.3	2249.81	0.1445	45.15	325.097	0.948181825
Dirca occidentalis	50	5	17.41014408	0.326361654	12.0422475	231.9230653	2.199052352	2.3	2249.81	0.1445	45.15	325.097	0.948181825
Eriodictyon californicum	7	15	2.955793449	0.543656396	9.373306944	47.67460249	1.102724626	2.1	610.5	0.3081	53.14	188.094	2.313023221
Eriodictyon californicum	49	5	2.955793449	0.543656396	9.373306944	47.67460249	1.102724626	2.1	610.5	0.3081	53.14	188.094	2.313023221
Eriophyllum confertiflorum var. confertiflorum	30	5	0.2056	0.664323017	0.168663216	133.7084401	NA	0.3	756.91	0.0916	11.46	69.333	#VALUE!
Heteromeles arbutifolia	2	5	5.798393361	0.628373213	13.94360824	61.5551084	1.005384984	7.6	578.26	0.284	70.13	164.225	1.633308771
Heteromeles arbutifolia	3	5	5.798393361	0.628373213	13.94360824	61.5551084	1.005384984	7.6	578.26	0.284	70.13	164.225	1.633308771
Heteromeles arbutifolia	4	5	5.798393361	0.628373213	13.94360824	61.5551084	1.005384984	7.6	578.26	0.284	70.13	164.225	1.633308771
Heteromeles arbutifolia	5	5	5.798393361	0.628373213	13.94360824	61.5551084	1.005384984	7.6	578.26	0.284	70.13	164.225	1.633308771
Heteromeles arbutifolia	6	5	5.798393361	0.628373213	13.94360824	61.5551084	1.005384984	7.6	578.26	0.284	70.13	164.225	1.633308771
Heteromeles arbutifolia	7	5	5.798393361	0.628373213	13.94360824	61.5551084	1.005384984	7.6	578.26	0.284	70.13	164.225	1.633308771
Heteromeles arbutifolia	9	15	5.798393361	0.628373213	13.94360824	61.5551084	1.005384984	7.6	578.26	0.284	70.13	164.225	1.633308771
Heteromeles arbutifolia	10	5	5.798393361	0.628373213	13.94360824	61.5551084	1.005384984	7.6	578.26	0.284	70.13	164.225	1.633308771
Heteromeles arbutifolia	11	5	5.798393361	0.628373213	13.94360824	61.5551084	1.005384984	7.6	578.26	0.284	70.13	164.225	1.633308771
Heteromeles arbutifolia	12	5	5.798393361	0.628373213	13.94360824	61.5551084	1.005384984	7.6	578.26	0.284	70.13	164.225	1.633308771
Heteromeles arbutifolia	15	5	5.798393361	0.628373213	13.94360824	61.5551084	1.005384984	7.6	578.26	0.284	70.13	164.225	1.633308771
Heteromeles arbutifolia	18	5	5.798393361	0.628373213	13.94360824	61.5551084	1.005384984	7.6	578.26	0.284	70.13	164.225	1.633308771
Heteromeles arbutifolia	26	5	5.798393361	0.628373213	13.94360824	61.5551084	1.005384984	7.6	578.26	0.284	70.13	164.225	1.633308771
Heteromeles arbutifolia	27	5	5.798393361	0.628373213	13.94360824	61.5551084	1.005384984	7.6	578.26	0.284	70.13	164.225	1.633308771
Heteromeles arbutifolia	30	5	5.798393361	0.628373213	13.94360824	61.5551084	1.005384984	7.6	578.26	0.284	70.13	164.225	1.633308771
Heteromeles arbutifolia	35	5	5.798393361	0.628373213	13.94360824	61.5551084	1.005384984	7.6	578.26	0.284	70.13	164.225	1.633308771
Heteromeles arbutifolia	37	5	5.798393361	0.628373213	13.94360824	61.5551084	1.005384984	7.6	578.26	0.284	70.13	164.225	1.633308771
Heteromeles arbutifolia	38	5	5.798393361	0.628373213	13.94360824	61.5551084	1.005384984	7.6	578.26	0.284	70.13	164.225	1.633308771
Heteromeles arbutifolia	39	5	5.798393361	0.628373213	13.94360824	61.5551084	1.005384984	7.6	578.26	0.284	70.13	164.225	1.633308771
Heteromeles arbutifolia	40	5	5.798393361	0.628373213	13.94360824	61.5551084	1.005384984	7.6	578.26	0.284	70.13	164.225	1.633308771
Heteromeles arbutifolia	41	5	5.798393361	0.628373213	13.94360824	61.5551084	1.005384984	7.6	578.26	0.284	70.13	164.225	1.633308771
Heteromeles arbutifolia	42	5	5.798393361	0.628373213	13.94360824	61.5551084	1.005384984	7.6	578.26	0.284	70.13	164.225	1.633308771
Heteromeles arbutifolia	43	15	5.798393361	0.628373213	13.94360824	61.5551084	1.005384984	7.6	578.26	0.284	70.13	164.225	1.633308771
Heteromeles arbutifolia	46	15	5.798393361	0.628373213	13.94360824	61.5551084	1.005384984	7.6	578.26	0.284	70.13	164.225	1.633308771
Heteromeles arbutifolia	48	5	5.798393361	0.628373213	13.94360824	61.5551084	1.005384984	7.6	578.26	0.284	70.13	164.225	1.633308771
Holodiscus discolor	3	5	0.108460952	0.705577768	8.30808125	308.56738	1.457887983	2.8	373.52	0.2887	72.07	107.834	0.472469897
Holodiscus discolor	45	15	0.108460952	0.705577768	8.30808125	308.56738	1.457887983	2.8	373.52	0.2887	72.07	107.834	0.472469897
Holodiscus discolor	46	5	0.108460952	0.705577768	8.30808125	308.56738	1.457887983	2.8	373.52	0.2887	72.07	107.834	0.472469897
Holodiscus discolor	48	50	0.108460952	0.705577768	8.30808125	308.56738	1.457887983	2.8	373.52	0.2887	72.07	107.834	0.472469897
Juglans californica var. hindsii	20	5	9090.909091	0.510951581	18.44087121	431.8641223	1.870486806	6.4	110.37	1.5769	196.43	174.038	0.433119287
Juglans californica var. hindsii	45	5	9090.909091	0.510951581	18.44087121	431.8641223	1.870486806	6.4	110.37	1.5769	196.43	174.038	0.433119287
Juglans californica var. hindsii	47	5	9090.909091	0.510951581	18.44087121	431.8641223	1.870486806	6.4	110.37	1.5769	196.43	174.038	0.433119287
Lepechinia calycina	1	5	13.83877524	0.614563648	12.18466559	120.3060076	1.190215172	2.1	464.3	0.3874	51.54	179.87	0.98932314
Lepechinia calycina	4	5	13.83877524	0.614563648	12.18466559	120.3060076	1.190215172	2.1	464.3	0.3874	51.54	179.87	0.98932314
Lepechinia calycina	6	5	13.83877524	0.614563648	12.18466559	120.3060076	1.190215172	2.1	464.3	0.3874	51.54	179.87	0.98932314
Lepechinia calycina	11	5	13.83877524	0.614563648	12.18466559	120.3060076	1.190215172	2.1	464.3	0.3874	51.54	179.87	0.98932314
Lepechinia calycina	12	5	13.83877524	0.614563648	12.18466559	120.3060076	1.190215172	2.1	464.3	0.3874	51.54	179.87	0.98932314
Lepechinia calycina	13	5	13.83877524	0.614563648	12.18466559	120.3060076	1.190215172	2.1	464.3	0.3874	51.54	179.87	0.98932314
Lepechinia calycina	14	5	13.83877524	0.614563648	12.18466559	120.3060076	1.190215172	2.1	464.3	0.3874	51.54	179.87	0.98932314
Lepechinia calycina	15	5	13.83877524	0.614563648	12.18466559	120.3060076	1.190215172	2.1	464.3	0.3874	51.54	179.87	0.98932314
Lepechinia calycina	16	5	13.83877524	0.614563648	12.18466559	120.3060076	1.190215172	2.1	464.3	0.3874	51.54	179.87	0.98932314
Lepechinia calycina	18	5	13.83877524	0.614563648	12.18466559	120.3060076	1.190215172	2.1	464.3	0.3874	51.54	179.87	0.98932314
Lepechinia calycina	30	5	13.83877524	0.614563648	12.18466559	120.3060076	1.190215172	2.1	464.3	0.3874	51.54	179.87	0.98932314
Lepechinia calycina	49	5	13.83877524	0.614563648	12.18466559	120.3060076	1.190215172	2.1	464.3	0.3874	51.54	179.87	0.98932314
Lonicera hispidula var. vacillans	2	5	7.750407407	0.574184912	6.280271421	163.964229	1.203302413	NA	713.2	0.2525	59.16	180.084	0.733881055
Lonicera hispidula var. vacillans	3	15	7.750407407	0.574184912	6.280271421	163.964229	1.203302413	NA	713.2	0.2525	59.16	180.084	0.733881055
Lonicera hispidula var. vacillans	5	5	7.750407407	0.574184912	6.280271421	163.964229	1.203302413	NA	713.2	0.2525	59.16	180.084	0.733881055
Lonicera hispidula var. vacillans	9	5	7.750407407	0.574184912	6.280271421	163.964229	1.203302413	NA	713.2	0.2525	59.16	180.084	0.733881055
Lonicera hispidula var. vacillans	13	5	7.750407407	0.574184912	6.280271421	163.964229	1.203302413	NA	713.2	0.2525	59.16	180.084	0.733881055
Lonicera hispidula var. vacillans	15	5	7.750407407	0.574184912	6.280271421	163.964229	1.203302413	NA	713.2	0.2525	59.16	180.084	0.733881055
Lonicera hispidula var. vacillans	20	5	7.750407407	0.574184912	6.280271421	163.964229	1.203302413	NA	713.2	0.2525	59.16	180.084	0.733881055
Lonicera hispidula var. vacillans	22	5	7.750407407	0.574184912	6.280271421	163.964229	1.203302413	NA	713.2	0.2525	59.16	180.084	0.733881055
Lonicera hispidula var. vacillans	23	15	7.750407407	0.574184912	6.280271421	163.964229	1.203302413	NA	713.2	0.2525	59.16	180.084	0.733881055
Lonicera hispidula var. vacillans	26	15	7.750407407	0.574184912	6.280271421	163.964229	1.203302413	NA	713.2	0.2525	59.16	180.084	0.733881055
Lonicera hispidula var. vacillans	27	5	7.750407407	0.574184912	6.280271421	163.964229	1.203302413	NA	713.2	0.2525	59.16	180.084	0.733881055
Lonicera hispidula var. vacillans	38	5	7.750407407	0.574184912	6.280271421	163.964229	1.203302413	NA	713.2	0.2525	59.16	180.084	0.733881055
Lonicera hispidula var. vacillans	40	5	7.750407407	0.574184912	6.280271421	163.964229	1.203302413	NA	713.2	0.2525	59.16	180.084	0.733881055
Lonicera hispidula var. vacillans	41	5	7.750407407	0.574184912	6.280271421	163.964229	1.203302413	NA	713.2	0.2525	59.16	180.084	0.733881055
Lonicera hispidula var. vacillans	42	5	7.750407407	0.574184912	6.280271421	163.964229	1.203302413	NA	713.2	0.2525	59.16	180.084	0.733881055
Lonicera hispidula var. vacillans	43	5	7.750407407	0.574184912	6.280271421	163.964229	1.203302413	NA	713.2	0.2525	59.16	180.084	0.733881055
Lonicera hispidula var. vacillans	45	5	7.750407407	0.574184912	6.280271421	163.964229	1.203302413	NA	713.2	0.2525	59.16	180.084	0.733881055
Lonicera hispidula var. vacillans	46	5	7.750407407	0.574184912	6.280271421	163.964229	1.203302413	NA	713.2	0.2525	59.16	180.084	0.733881055
Lonicera hispidula var. vacillans	47	5	7.750407407	0.574184912	6.280271421	163.964229	1.203302413	NA	713.2	0.2525	59.16	180.084	0.733881055
Lotus scoparius	4	5	0.954992586	0.735002217	0.049993968	89.56297463	1.525111807	1.5	432.89	0.1672	10.08	72.379	1.702837376
Lotus scoparius	6	5	0.954992586	0.735002217	0.049993968	89.56297463	1.525111807	1.5	432.89	0.1672	10.08	72.379	1.702837376
Lotus scoparius	10	5	0.954992586	0.735002217	0.049993968	89.56297463	1.525111807	1.5	432.89	0.1672	10.08	72.379	1.702837376
Lotus scoparius	30	5	0.954992586	0.735002217	0.049993968	89.56297463	1.525111807	1.5	432.89	0.1672	10.08	72.379	1.702837376
Lotus scoparius	37	5	0.954992586	0.735002217	0.049993968	89.56297463	1.525111807	1.5	432.89	0.1672	10.08	72.379	1.702837376
Mimulus aurantiacus	3	5	0.045652367	0.616491071	2.30549623	71.87446083	1.051412681	2.2	590.92	0.1692	24.5	99.984	1.462846008
Mimulus aurantiacus	5	5	0.045652367	0.616491071	2.30549623	71.87446083	1.051412681	2.2	590.92	0.1692	24.5	99.984	1.462846008
Mimulus aurantiacus	6	5	0.045652367	0.616491071	2.30549623	71.87446083	1.051412681	2.2	590.92	0.1692	24.5	99.984	1.462846008
Mimulus aurantiacus	7	5	0.045652367	0.616491071	2.30549623	71.87446083	1.051412681	2.2	590.92	0.1692	24.5	99.984	1.462846008
Mimulus aurantiacus	10	15	0.045652367	0.616491071	2.30549623	71.87446083	1.051412681	2.2	590.92	0.1692	24.5	99.984	1.462846008
Mimulus aurantiacus	11	15	0.045652367	0.616491071	2.30549623	71.87446083	1.051412681	2.2	590.92	0.1692	24.5	99.984	1.462846008
Mimulus aurantiacus	13	30	0.045652367	0.616491071	2.30549623	71.87446083	1.051412681	2.2	590.92	0.1692	24.5	99.984	1.462846008
Mimulus aurantiacus	14	5	0.045652367	0.616491071	2.30549623	71.87446083	1.051412681	2.2	590.92	0.1692	24.5	99.984	1.462846008
Mimulus aurantiacus	15	5	0.045652367	0.616491071	2.30549623	71.87446083	1.051412681	2.2	590.92	0.1692	24.5	99.984	1.462846008
Mimulus aurantiacus	26	5	0.045652367	0.616491071	2.30549623	71.87446083	1.051412681	2.2	590.92	0.1692	24.5	99.984	1.462846008
Mimulus aurantiacus	27	5	0.045652367	0.616491071	2.30549623	71.87446083	1.051412681	2.2	590.92	0.1692	24.5	99.984	1.462846008
Mimulus aurantiacus	30	5	0.045652367	0.616491071	2.30549623	71.87446083	1.051412681	2.2	590.92	0.1692	24.5	99.984	1.462846008
Mimulus aurantiacus	34	5	0.045652367	0.616491071	2.30549623	71.87446083	1.051412681	2.2	590.92	0.1692	24.5	99.984	1.462846008
Mimulus aurantiacus	37	5	0.045652367	0.616491071	2.30549623	71.87446083	1.051412681	2.2	590.92	0.1692	24.5	99.984	1.462846008
Mimulus aurantiacus	41	5	0.045652367	0.616491071	2.30549623	71.87446083	1.051412681	2.2	590.92	0.1692	24.5	99.984	1.462846008
Mimulus aurantiacus	46	5	0.045652367	0.616491071	2.30549623	71.87446083	1.051412681	2.2	590.92	0.1692	24.5	99.984	1.462846008
Mimulus aurantiacus	49	15	0.045652367	0.616491071	2.30549623	71.87446083	1.051412681	2.2	590.92	0.1692	24.5	99.984	1.462846008
Oemleria cerasiformis	7	5	197.58815	0.740596043	11.70188186	171.3715115	1.92810526	2.5	535.48	0.2039	47.8	109.185	1.125102558
Oemleria cerasiformis	13	5	197.58815	0.740596043	11.70188186	171.3715115	1.92810526	2.5	535.48	0.2039	47.8	109.185	1.125102558
Oemleria cerasiformis	42	5	197.58815	0.740596043	11.70188186	171.3715115	1.92810526	2.5	535.48	0.2039	47.8	109.185	1.125102558
Oemleria cerasiformis	43	5	197.58815	0.740596043	11.70188186	171.3715115	1.92810526	2.5	535.48	0.2039	47.8	109.185	1.125102558
Oemleria cerasiformis	50	5	197.58815	0.740596043	11.70188186	171.3715115	1.92810526	2.5	535.48	0.2039	47.8	109.185	1.125102558
Populus balsamifera ssp. trichocarpa	28	5	4.5	0.428060041	27.74644444	176.959606	2.006093831	6.9	363.81	0.6249	71.97	227.347	1.13364506
Prunus ilicifolia ssp. ilicifolia	4	5	1653.822222	0.733638359	6.844612571	69.79041536	1.665397127	4.5	469.66	0.2646	73.5	124.272	2.386283444
Prunus ilicifolia ssp. ilicifolia	6	5	1653.822222	0.733638359	6.844612571	69.79041536	1.665397127	4.5	469.66	0.2646	73.5	124.272	2.386283444
Prunus ilicifolia ssp. ilicifolia	7	15	1653.822222	0.733638359	6.844612571	69.79041536	1.665397127	4.5	469.66	0.2646	73.5	124.272	2.386283444
Prunus ilicifolia ssp. ilicifolia	10	5	1653.822222	0.733638359	6.844612571	69.79041536	1.665397127	4.5	469.66	0.2646	73.5	124.272	2.386283444
Prunus ilicifolia ssp. ilicifolia	11	5	1653.822222	0.733638359	6.844612571	69.79041536	1.665397127	4.5	469.66	0.2646	73.5	124.272	2.386283444
Prunus ilicifolia ssp. ilicifolia	12	5	1653.822222	0.733638359	6.844612571	69.79041536	1.665397127	4.5	469.66	0.2646	73.5	124.272	2.386283444
Prunus ilicifolia ssp. ilicifolia	18	5	1653.822222	0.733638359	6.844612571	69.79041536	1.665397127	4.5	469.66	0.2646	73.5	124.272	2.386283444
Prunus ilicifolia ssp. ilicifolia	30	5	1653.822222	0.733638359	6.844612571	69.79041536	1.665397127	4.5	469.66	0.2646	73.5	124.272	2.386283444
Prunus ilicifolia ssp. ilicifolia	35	15	1653.822222	0.733638359	6.844612571	69.79041536	1.665397127	4.5	469.66	0.2646	73.5	124.272	2.386283444
Prunus ilicifolia ssp. ilicifolia	37	5	1653.822222	0.733638359	6.844612571	69.79041536	1.665397127	4.5	469.66	0.2646	73.5	124.272	2.386283444
Prunus ilicifolia ssp. ilicifolia	39	15	1653.822222	0.733638359	6.844612571	69.79041536	1.665397127	4.5	469.66	0.2646	73.5	124.272	2.386283444
Prunus ilicifolia ssp. ilicifolia	48	5	1653.822222	0.733638359	6.844612571	69.79041536	1.665397127	4.5	469.66	0.2646	73.5	124.272	2.386283444
Prunus ilicifolia ssp. ilicifolia	49	5	1653.822222	0.733638359	6.844612571	69.79041536	1.665397127	4.5	469.66	0.2646	73.5	124.272	2.386283444
Prunus ilicifolia ssp. ilicifolia	50	5	1653.822222	0.733638359	6.844612571	69.79041536	1.665397127	4.5	469.66	0.2646	73.5	124.272	2.386283444
Pseudotsuga menziesii var. menziesii	45	5	11.25482256	0.527565184	0.275313007	127.9655721	1.273359556	45	NA	NA	NA	NA	0.995079798
Quercus agrifolia var. agrifolia	1	5	2272.727273	0.699992353	11.12246861	66.03314423	1.355962572	19.5	209.48	0.5426	34.76	113.666	2.053457529
Quercus agrifolia var. agrifolia	2	50	2272.727273	0.699992353	11.12246861	66.03314423	1.355962572	19.5	209.48	0.5426	34.76	113.666	2.053457529
Quercus agrifolia var. agrifolia	3	15	2272.727273	0.699992353	11.12246861	66.03314423	1.355962572	19.5	209.48	0.5426	34.76	113.666	2.053457529
Quercus agrifolia var. agrifolia	4	5	2272.727273	0.699992353	11.12246861	66.03314423	1.355962572	19.5	209.48	0.5426	34.76	113.666	2.053457529
Quercus agrifolia var. agrifolia	5	15	2272.727273	0.699992353	11.12246861	66.03314423	1.355962572	19.5	209.48	0.5426	34.76	113.666	2.053457529
Quercus agrifolia var. agrifolia	6	5	2272.727273	0.699992353	11.12246861	66.03314423	1.355962572	19.5	209.48	0.5426	34.76	113.666	2.053457529
Quercus agrifolia var. agrifolia	9	90	2272.727273	0.699992353	11.12246861	66.03314423	1.355962572	19.5	209.48	0.5426	34.76	113.666	2.053457529
Quercus agrifolia var. agrifolia	10	5	2272.727273	0.699992353	11.12246861	66.03314423	1.355962572	19.5	209.48	0.5426	34.76	113.666	2.053457529
Quercus agrifolia var. agrifolia	11	15	2272.727273	0.699992353	11.12246861	66.03314423	1.355962572	19.5	209.48	0.5426	34.76	113.666	2.053457529
Quercus agrifolia var. agrifolia	13	5	2272.727273	0.699992353	11.12246861	66.03314423	1.355962572	19.5	209.48	0.5426	34.76	113.666	2.053457529
Quercus agrifolia var. agrifolia	15	5	2272.727273	0.699992353	11.12246861	66.03314423	1.355962572	19.5	209.48	0.5426	34.76	113.666	2.053457529
Quercus agrifolia var. agrifolia	17	30	2272.727273	0.699992353	11.12246861	66.03314423	1.355962572	19.5	209.48	0.5426	34.76	113.666	2.053457529
Quercus agrifolia var. agrifolia	18	30	2272.727273	0.699992353	11.12246861	66.03314423	1.355962572	19.5	209.48	0.5426	34.76	113.666	2.053457529
Quercus agrifolia var. agrifolia	19	15	2272.727273	0.699992353	11.12246861	66.03314423	1.355962572	19.5	209.48	0.5426	34.76	113.666	2.053457529
Quercus agrifolia var. agrifolia	20	30	2272.727273	0.699992353	11.12246861	66.03314423	1.355962572	19.5	209.48	0.5426	34.76	113.666	2.053457529
Quercus agrifolia var. agrifolia	22	5	2272.727273	0.699992353	11.12246861	66.03314423	1.355962572	19.5	209.48	0.5426	34.76	113.666	2.053457529
Quercus agrifolia var. agrifolia	23	5	2272.727273	0.699992353	11.12246861	66.03314423	1.355962572	19.5	209.48	0.5426	34.76	113.666	2.053457529
Quercus agrifolia var. agrifolia	26	15	2272.727273	0.699992353	11.12246861	66.03314423	1.355962572	19.5	209.48	0.5426	34.76	113.666	2.053457529
Quercus agrifolia var. agrifolia	27	70	2272.727273	0.699992353	11.12246861	66.03314423	1.355962572	19.5	209.48	0.5426	34.76	113.666	2.053457529
Quercus agrifolia var. agrifolia	30	30	2272.727273	0.699992353	11.12246861	66.03314423	1.355962572	19.5	209.48	0.5426	34.76	113.666	2.053457529
Quercus agrifolia var. agrifolia	34	5	2272.727273	0.699992353	11.12246861	66.03314423	1.355962572	19.5	209.48	0.5426	34.76	113.666	2.053457529
Quercus agrifolia var. agrifolia	35	5	2272.727273	0.699992353	11.12246861	66.03314423	1.355962572	19.5	209.48	0.5426	34.76	113.666	2.053457529
Quercus agrifolia var. agrifolia	37	5	2272.727273	0.699992353	11.12246861	66.03314423	1.355962572	19.5	209.48	0.5426	34.76	113.666	2.053457529
Quercus agrifolia var. agrifolia	38	70	2272.727273	0.699992353	11.12246861	66.03314423	1.355962572	19.5	209.48	0.5426	34.76	113.666	2.053457529
Quercus agrifolia var. agrifolia	40	70	2272.727273	0.699992353	11.12246861	66.03314423	1.355962572	19.5	209.48	0.5426	34.76	113.666	2.053457529
Quercus agrifolia var. agrifolia	41	30	2272.727273	0.699992353	11.12246861	66.03314423	1.355962572	19.5	209.48	0.5426	34.76	113.666	2.053457529
Quercus agrifolia var. agrifolia	42	30	2272.727273	0.699992353	11.12246861	66.03314423	1.355962572	19.5	209.48	0.5426	34.76	113.666	2.053457529
Quercus agrifolia var. agrifolia	43	50	2272.727273	0.699992353	11.12246861	66.03314423	1.355962572	19.5	209.48	0.5426	34.76	113.666	2.053457529
Quercus agrifolia var. agrifolia	45	30	2272.727273	0.699992353	11.12246861	66.03314423	1.355962572	19.5	209.48	0.5426	34.76	113.666	2.053457529
Quercus agrifolia var. agrifolia	46	50	2272.727273	0.699992353	11.12246861	66.03314423	1.355962572	19.5	209.48	0.5426	34.76	113.666	2.053457529
Quercus agrifolia var. agrifolia	47	5	2272.727273	0.699992353	11.12246861	66.03314423	1.355962572	19.5	209.48	0.5426	34.76	113.666	2.053457529
Quercus agrifolia var. agrifolia	48	15	2272.727273	0.699992353	11.12246861	66.03314423	1.355962572	19.5	209.48	0.5426	34.76	113.666	2.053457529
Quercus agrifolia var. agrifolia	49	5	2272.727273	0.699992353	11.12246861	66.03314423	1.355962572	19.5	209.48	0.5426	34.76	113.666	2.053457529
Quercus agrifolia var. agrifolia	50	5	2272.727273	0.699992353	11.12246861	66.03314423	1.355962572	19.5	209.48	0.5426	34.76	113.666	2.053457529
Quercus douglasii	2	15	4545.454545	0.754874567	10.35036514	74.92223504	1.61781776	18.3	158.98	0.5138	41.49	81.685	2.159329282
Quercus douglasii	3	5	4545.454545	0.754874567	10.35036514	74.92223504	1.61781776	18.3	158.98	0.5138	41.49	81.685	2.159329282
Quercus douglasii	17	30	4545.454545	0.754874567	10.35036514	74.92223504	1.61781776	18.3	158.98	0.5138	41.49	81.685	2.159329282
Quercus douglasii	23	5	4545.454545	0.754874567	10.35036514	74.92223504	1.61781776	18.3	158.98	0.5138	41.49	81.685	2.159329282
Quercus douglasii	26	50	4545.454545	0.754874567	10.35036514	74.92223504	1.61781776	18.3	158.98	0.5138	41.49	81.685	2.159329282
Quercus douglasii	41	30	4545.454545	0.754874567	10.35036514	74.92223504	1.61781776	18.3	158.98	0.5138	41.49	81.685	2.159329282
Quercus douglasii	43	5	4545.454545	0.754874567	10.35036514	74.92223504	1.61781776	18.3	158.98	0.5138	41.49	81.685	2.159329282
Quercus douglasii	46	5	4545.454545	0.754874567	10.35036514	74.92223504	1.61781776	18.3	158.98	0.5138	41.49	81.685	2.159329282
Quercus douglasii	50	5	4545.454545	0.754874567	10.35036514	74.92223504	1.61781776	18.3	158.98	0.5138	41.49	81.685	2.159329282
Quercus durata var. durata	4	5	3095.84	0.685703145	3.3310494	75.79257998	1.371976895	2.7	211.7	0.313	22.35	66.261	1.8101731
Quercus durata var. durata	9	5	3095.84	0.685703145	3.3310494	75.79257998	1.371976895	2.7	211.7	0.313	22.35	66.261	1.8101731
Quercus durata var. durata	12	15	3095.84	0.685703145	3.3310494	75.79257998	1.371976895	2.7	211.7	0.313	22.35	66.261	1.8101731
Quercus durata var. durata	41	5	3095.84	0.685703145	3.3310494	75.79257998	1.371976895	2.7	211.7	0.313	22.35	66.261	1.8101731
Quercus kelloggii	3	30	4784.688995	0.721925273	43.6725	111.8962685	1.827238475	25.2	139.87	0.8993	73.8	125.789	1.632975343
Quercus kelloggii	5	15	4784.688995	0.721925273	43.6725	111.8962685	1.827238475	25.2	139.87	0.8993	73.8	125.789	1.632975343
Quercus kelloggii	26	5	4784.688995	0.721925273	43.6725	111.8962685	1.827238475	25.2	139.87	0.8993	73.8	125.789	1.632975343
Quercus kelloggii	38	5	4784.688995	0.721925273	43.6725	111.8962685	1.827238475	25.2	139.87	0.8993	73.8	125.789	1.632975343
Quercus kelloggii	42	15	4784.688995	0.721925273	43.6725	111.8962685	1.827238475	25.2	139.87	0.8993	73.8	125.789	1.632975343
Quercus kelloggii	43	5	4784.688995	0.721925273	43.6725	111.8962685	1.827238475	25.2	139.87	0.8993	73.8	125.789	1.632975343
Quercus kelloggii	46	5	4784.688995	0.721925273	43.6725	111.8962685	1.827238475	25.2	139.87	0.8993	73.8	125.789	1.632975343
Quercus lobata	1	50	4116.092624	0.70483516	24.85586988	114.7942761	2.211636232	17.8	199.65	0.473	41.51	94.437	1.926608458
Quercus lobata	9	5	4116.092624	0.70483516	24.85586988	114.7942761	2.211636232	17.8	199.65	0.473	41.51	94.437	1.926608458
Quercus lobata	15	5	4116.092624	0.70483516	24.85586988	114.7942761	2.211636232	17.8	199.65	0.473	41.51	94.437	1.926608458
Quercus lobata	19	30	4116.092624	0.70483516	24.85586988	114.7942761	2.211636232	17.8	199.65	0.473	41.51	94.437	1.926608458
Quercus lobata	23	15	4116.092624	0.70483516	24.85586988	114.7942761	2.211636232	17.8	199.65	0.473	41.51	94.437	1.926608458
Quercus lobata	38	30	4116.092624	0.70483516	24.85586988	114.7942761	2.211636232	17.8	199.65	0.473	41.51	94.437	1.926608458
Quercus lobata	41	5	4116.092624	0.70483516	24.85586988	114.7942761	2.211636232	17.8	199.65	0.473	41.51	94.437	1.926608458
Quercus lobata	42	15	4116.092624	0.70483516	24.85586988	114.7942761	2.211636232	17.8	199.65	0.473	41.51	94.437	1.926608458
Rhamnus californica ssp. californica	2	5	95.31984127	0.496489447	10.74385434	140.4425908	1.499581736	3.6	470.85	0.196	64.22	92.286	1.067754253
Rhamnus californica ssp. californica	9	15	95.31984127	0.496489447	10.74385434	140.4425908	1.499581736	3.6	470.85	0.196	64.22	92.286	1.067754253
Rhamnus californica ssp. californica	13	5	95.31984127	0.496489447	10.74385434	140.4425908	1.499581736	3.6	470.85	0.196	64.22	92.286	1.067754253
Rhamnus californica ssp. californica	27	15	95.31984127	0.496489447	10.74385434	140.4425908	1.499581736	3.6	470.85	0.196	64.22	92.286	1.067754253
Rhamnus californica ssp. californica	37	5	95.31984127	0.496489447	10.74385434	140.4425908	1.499581736	3.6	470.85	0.196	64.22	92.286	1.067754253
Rhamnus californica ssp. californica	38	5	95.31984127	0.496489447	10.74385434	140.4425908	1.499581736	3.6	470.85	0.196	64.22	92.286	1.067754253
Rhamnus californica ssp. californica	40	5	95.31984127	0.496489447	10.74385434	140.4425908	1.499581736	3.6	470.85	0.196	64.22	92.286	1.067754253
Rhamnus californica ssp. californica	42	5	95.31984127	0.496489447	10.74385434	140.4425908	1.499581736	3.6	470.85	0.196	64.22	92.286	1.067754253
Rhamnus californica ssp. californica	45	5	95.31984127	0.496489447	10.74385434	140.4425908	1.499581736	3.6	470.85	0.196	64.22	92.286	1.067754253
Rhamnus crocea	1	15	7.375502165	0.751476347	1.159353368	99.97552911	1.677381525	2.8	222.84	0.1356	9.41	30.217	1.677792095
Rhamnus crocea	6	15	7.375502165	0.751476347	1.159353368	99.97552911	1.677381525	2.8	222.84	0.1356	9.41	30.217	1.677792095
Rhamnus crocea	7	5	7.375502165	0.751476347	1.159353368	99.97552911	1.677381525	2.8	222.84	0.1356	9.41	30.217	1.677792095
Rhamnus crocea	11	5	7.375502165	0.751476347	1.159353368	99.97552911	1.677381525	2.8	222.84	0.1356	9.41	30.217	1.677792095
Rhamnus crocea	12	5	7.375502165	0.751476347	1.159353368	99.97552911	1.677381525	2.8	222.84	0.1356	9.41	30.217	1.677792095
Rhamnus crocea	13	15	7.375502165	0.751476347	1.159353368	99.97552911	1.677381525	2.8	222.84	0.1356	9.41	30.217	1.677792095
Rhamnus crocea	15	15	7.375502165	0.751476347	1.159353368	99.97552911	1.677381525	2.8	222.84	0.1356	9.41	30.217	1.677792095
Rhamnus crocea	16	5	7.375502165	0.751476347	1.159353368	99.97552911	1.677381525	2.8	222.84	0.1356	9.41	30.217	1.677792095
Rhamnus crocea	19	15	7.375502165	0.751476347	1.159353368	99.97552911	1.677381525	2.8	222.84	0.1356	9.41	30.217	1.677792095
Rhamnus crocea	27	5	7.375502165	0.751476347	1.159353368	99.97552911	1.677381525	2.8	222.84	0.1356	9.41	30.217	1.677792095
Rhamnus crocea	30	5	7.375502165	0.751476347	1.159353368	99.97552911	1.677381525	2.8	222.84	0.1356	9.41	30.217	1.677792095
Rhamnus crocea	34	5	7.375502165	0.751476347	1.159353368	99.97552911	1.677381525	2.8	222.84	0.1356	9.41	30.217	1.677792095
Rhamnus crocea	37	5	7.375502165	0.751476347	1.159353368	99.97552911	1.677381525	2.8	222.84	0.1356	9.41	30.217	1.677792095
Rhamnus crocea	38	5	7.375502165	0.751476347	1.159353368	99.97552911	1.677381525	2.8	222.84	0.1356	9.41	30.217	1.677792095
Rhamnus crocea	39	5	7.375502165	0.751476347	1.159353368	99.97552911	1.677381525	2.8	222.84	0.1356	9.41	30.217	1.677792095
Rhamnus crocea	41	15	7.375502165	0.751476347	1.159353368	99.97552911	1.677381525	2.8	222.84	0.1356	9.41	30.217	1.677792095
Rhamnus crocea	48	5	7.375502165	0.751476347	1.159353368	99.97552911	1.677381525	2.8	222.84	0.1356	9.41	30.217	1.677792095
Rhamnus crocea	49	5	7.375502165	0.751476347	1.159353368	99.97552911	1.677381525	2.8	222.84	0.1356	9.41	30.217	1.677792095
Ribes californicum var. californicum	1	5	3.313222222	0.730743656	2.838049142	220.2705446	1.745311321	3.2	353.35	0.2706	16.79	95.617	0.792348938
Ribes californicum var. californicum	3	5	3.313222222	0.730743656	2.838049142	220.2705446	1.745311321	3.2	353.35	0.2706	16.79	95.617	0.792348938
Ribes californicum var. californicum	4	5	3.313222222	0.730743656	2.838049142	220.2705446	1.745311321	3.2	353.35	0.2706	16.79	95.617	0.792348938
Ribes californicum var. californicum	5	5	3.313222222	0.730743656	2.838049142	220.2705446	1.745311321	3.2	353.35	0.2706	16.79	95.617	0.792348938
Ribes californicum var. californicum	6	5	3.313222222	0.730743656	2.838049142	220.2705446	1.745311321	3.2	353.35	0.2706	16.79	95.617	0.792348938
Ribes californicum var. californicum	11	5	3.313222222	0.730743656	2.838049142	220.2705446	1.745311321	3.2	353.35	0.2706	16.79	95.617	0.792348938
Ribes californicum var. californicum	13	5	3.313222222	0.730743656	2.838049142	220.2705446	1.745311321	3.2	353.35	0.2706	16.79	95.617	0.792348938
Ribes californicum var. californicum	14	5	3.313222222	0.730743656	2.838049142	220.2705446	1.745311321	3.2	353.35	0.2706	16.79	95.617	0.792348938
Ribes californicum var. californicum	15	5	3.313222222	0.730743656	2.838049142	220.2705446	1.745311321	3.2	353.35	0.2706	16.79	95.617	0.792348938
Ribes californicum var. californicum	16	5	3.313222222	0.730743656	2.838049142	220.2705446	1.745311321	3.2	353.35	0.2706	16.79	95.617	0.792348938
Ribes californicum var. californicum	18	5	3.313222222	0.730743656	2.838049142	220.2705446	1.745311321	3.2	353.35	0.2706	16.79	95.617	0.792348938
Ribes californicum var. californicum	19	5	3.313222222	0.730743656	2.838049142	220.2705446	1.745311321	3.2	353.35	0.2706	16.79	95.617	0.792348938
Ribes californicum var. californicum	21	5	3.313222222	0.730743656	2.838049142	220.2705446	1.745311321	3.2	353.35	0.2706	16.79	95.617	0.792348938
Ribes californicum var. californicum	27	5	3.313222222	0.730743656	2.838049142	220.2705446	1.745311321	3.2	353.35	0.2706	16.79	95.617	0.792348938
Ribes californicum var. californicum	30	5	3.313222222	0.730743656	2.838049142	220.2705446	1.745311321	3.2	353.35	0.2706	16.79	95.617	0.792348938
Ribes californicum var. californicum	35	5	3.313222222	0.730743656	2.838049142	220.2705446	1.745311321	3.2	353.35	0.2706	16.79	95.617	0.792348938
Ribes californicum var. californicum	37	5	3.313222222	0.730743656	2.838049142	220.2705446	1.745311321	3.2	353.35	0.2706	16.79	95.617	0.792348938
Ribes californicum var. californicum	38	5	3.313222222	0.730743656	2.838049142	220.2705446	1.745311321	3.2	353.35	0.2706	16.79	95.617	0.792348938
Ribes californicum var. californicum	40	5	3.313222222	0.730743656	2.838049142	220.2705446	1.745311321	3.2	353.35	0.2706	16.79	95.617	0.792348938
Ribes californicum var. californicum	45	5	3.313222222	0.730743656	2.838049142	220.2705446	1.745311321	3.2	353.35	0.2706	16.79	95.617	0.792348938
Ribes californicum var. californicum	48	5	3.313222222	0.730743656	2.838049142	220.2705446	1.745311321	3.2	353.35	0.2706	16.79	95.617	0.792348938
Ribes californicum var. californicum	49	5	3.313222222	0.730743656	2.838049142	220.2705446	1.745311321	3.2	353.35	0.2706	16.79	95.617	0.792348938
Ribes divaricatum var. pubiflorum	24	15	2.06122449	0.681289553	11.98083333	345.8460195	2.286224575	3.2	416.81	0.2259	63.57	94.157	0.661052736
Ribes divaricatum var. pubiflorum	25	15	2.06122449	0.681289553	11.98083333	345.8460195	2.286224575	3.2	416.81	0.2259	63.57	94.157	0.661052736
Ribes divaricatum var. pubiflorum	28	15	2.06122449	0.681289553	11.98083333	345.8460195	2.286224575	3.2	416.81	0.2259	63.57	94.157	0.661052736
Ribes divaricatum var. pubiflorum	31	5	2.06122449	0.681289553	11.98083333	345.8460195	2.286224575	3.2	416.81	0.2259	63.57	94.157	0.661052736
Ribes malvaceum var. malvaceum	18	5	1.716	0.677569517	12.40525	203.9301665	1.966582705	0.8	267.1	0.2558	27.42	68.325	0.964341244
Ribes sanguineum var. glutinosum	21	5	3.207086124	0.601543955	32.95775873	324.8097073	2.548636226	1.9	304.42	0.3267	111.35	99.454	0.78465519
Ribes sanguineum var. glutinosum	22	5	3.207086124	0.601543955	32.95775873	324.8097073	2.548636226	1.9	304.42	0.3267	111.35	99.454	0.78465519
Ribes sanguineum var. glutinosum	24	5	3.207086124	0.601543955	32.95775873	324.8097073	2.548636226	1.9	304.42	0.3267	111.35	99.454	0.78465519
Ribes sanguineum var. glutinosum	28	5	3.207086124	0.601543955	32.95775873	324.8097073	2.548636226	1.9	304.42	0.3267	111.35	99.454	0.78465519
Ribes sanguineum var. glutinosum	31	5	3.207086124	0.601543955	32.95775873	324.8097073	2.548636226	1.9	304.42	0.3267	111.35	99.454	0.78465519
Rosa californica	1	5	10.19768627	0.700425857	2.486005708	219.0257853	1.59670185	1.9	486.53	0.2806	107.96	136.521	0.72900177
Rosa californica	31	5	10.19768627	0.700425857	2.486005708	219.0257853	1.59670185	1.9	486.53	0.2806	107.96	136.521	0.72900177
Rosa californica	40	5	10.19768627	0.700425857	2.486005708	219.0257853	1.59670185	1.9	486.53	0.2806	107.96	136.521	0.72900177
Rosa spithamea	26	5	0.319	0.619497843	1.659646154	252.7762676	1.445709309	0.9	754.49	0.1381	59.83	104.195	0.571932374
Rosa spithamea	43	5	0.319	0.619497843	1.659646154	252.7762676	1.445709309	0.9	754.49	0.1381	59.83	104.195	0.571932374
Rubus parviflorus	21	5	1.262176471	0.658119055	152.573375	449.3613311	2.194309958	1.8	333.88	0.6034	208.89	201.462	0.488317487
Rubus parviflorus	22	5	1.262176471	0.658119055	152.573375	449.3613311	2.194309958	1.8	333.88	0.6034	208.89	201.462	0.488317487
Rubus parviflorus	24	5	1.262176471	0.658119055	152.573375	449.3613311	2.194309958	1.8	333.88	0.6034	208.89	201.462	0.488317487
Rubus parviflorus	28	5	1.262176471	0.658119055	152.573375	449.3613311	2.194309958	1.8	333.88	0.6034	208.89	201.462	0.488317487
Rubus ursinus	1	5	1.988631193	0.427255796	17.93475	289.1987828	2.010380458	2.4	383.83	0.6304	177.36	241.965	0.695155228
Rubus ursinus	2	15	1.988631193	0.427255796	17.93475	289.1987828	2.010380458	2.4	383.83	0.6304	177.36	241.965	0.695155228
Rubus ursinus	3	5	1.988631193	0.427255796	17.93475	289.1987828	2.010380458	2.4	383.83	0.6304	177.36	241.965	0.695155228
Rubus ursinus	5	5	1.988631193	0.427255796	17.93475	289.1987828	2.010380458	2.4	383.83	0.6304	177.36	241.965	0.695155228
Rubus ursinus	20	5	1.988631193	0.427255796	17.93475	289.1987828	2.010380458	2.4	383.83	0.6304	177.36	241.965	0.695155228
Rubus ursinus	22	5	1.988631193	0.427255796	17.93475	289.1987828	2.010380458	2.4	383.83	0.6304	177.36	241.965	0.695155228
Rubus ursinus	25	5	1.988631193	0.427255796	17.93475	289.1987828	2.010380458	2.4	383.83	0.6304	177.36	241.965	0.695155228
Rubus ursinus	31	5	1.988631193	0.427255796	17.93475	289.1987828	2.010380458	2.4	383.83	0.6304	177.36	241.965	0.695155228
Rubus ursinus	40	30	1.988631193	0.427255796	17.93475	289.1987828	2.010380458	2.4	383.83	0.6304	177.36	241.965	0.695155228
Rubus ursinus	42	5	1.988631193	0.427255796	17.93475	289.1987828	2.010380458	2.4	383.83	0.6304	177.36	241.965	0.695155228
Rubus ursinus	43	15	1.988631193	0.427255796	17.93475	289.1987828	2.010380458	2.4	383.83	0.6304	177.36	241.965	0.695155228
Rubus ursinus	45	5	1.988631193	0.427255796	17.93475	289.1987828	2.010380458	2.4	383.83	0.6304	177.36	241.965	0.695155228
Rubus ursinus	46	5	1.988631193	0.427255796	17.93475	289.1987828	2.010380458	2.4	383.83	0.6304	177.36	241.965	0.695155228
Rubus ursinus	47	5	1.988631193	0.427255796	17.93475	289.1987828	2.010380458	2.4	383.83	0.6304	177.36	241.965	0.695155228
Salix lasiolepis	20	5	0.1335	0.52847933	19.68963333	128.7254204	1.825445589	7.5	470.35	0.4037	61.15	189.882	1.418092543
Salix lucida ssp. lasiandra	21	30	0.041236364	0.430760959	19.74870966	197.7459383	2.960966593	21.4	408.92	0.5209	109.98	213.007	1.497358994
Salix lucida ssp. lasiandra	22	70	0.041236364	0.430760959	19.74870966	197.7459383	2.960966593	21.4	408.92	0.5209	109.98	213.007	1.497358994
Salix lucida ssp. lasiandra	24	15	0.041236364	0.430760959	19.74870966	197.7459383	2.960966593	21.4	408.92	0.5209	109.98	213.007	1.497358994
Salix lucida ssp. lasiandra	25	50	0.041236364	0.430760959	19.74870966	197.7459383	2.960966593	21.4	408.92	0.5209	109.98	213.007	1.497358994
Salix lucida ssp. lasiandra	28	50	0.041236364	0.430760959	19.74870966	197.7459383	2.960966593	21.4	408.92	0.5209	109.98	213.007	1.497358994
Salix lucida ssp. lasiandra	31	15	0.041236364	0.430760959	19.74870966	197.7459383	2.960966593	21.4	408.92	0.5209	109.98	213.007	1.497358994
Salix lucida ssp. lasiandra	47	15	0.041236364	0.430760959	19.74870966	197.7459383	2.960966593	21.4	408.92	0.5209	109.98	213.007	1.497358994
Sambucus mexicana	1	5	3.854515432	0.452646193	22.93086905	103.9559535	1.115752665	10	365.86	0.4077	67.97	149.161	1.073293667
Sambucus mexicana	5	5	3.854515432	0.452646193	22.93086905	103.9559535	1.115752665	10	365.86	0.4077	67.97	149.161	1.073293667
Sambucus mexicana	13	5	3.854515432	0.452646193	22.93086905	103.9559535	1.115752665	10	365.86	0.4077	67.97	149.161	1.073293667
Sambucus mexicana	15	5	3.854515432	0.452646193	22.93086905	103.9559535	1.115752665	10	365.86	0.4077	67.97	149.161	1.073293667
Sambucus mexicana	23	5	3.854515432	0.452646193	22.93086905	103.9559535	1.115752665	10	365.86	0.4077	67.97	149.161	1.073293667
Sambucus mexicana	39	5	3.854515432	0.452646193	22.93086905	103.9559535	1.115752665	10	365.86	0.4077	67.97	149.161	1.073293667
Sambucus mexicana	50	5	3.854515432	0.452646193	22.93086905	103.9559535	1.115752665	10	365.86	0.4077	67.97	149.161	1.073293667
Sequoia sempervirens	22	5	3.713235294	0.568618878	0.245968029	110.1885352	1.232283441	30	NA	NA	NA	NA	1.118340887
Sequoia sempervirens	45	5	3.713235294	0.568618878	0.245968029	110.1885352	1.232283441	30	NA	NA	NA	NA	1.118340887
Solanum umbelliferum	1	5	9.13	0.549590478	2.015985893	161.3583009	3.198432996	1.9	272.31	0.3724	15.41	101.409	1.982193031
Solanum umbelliferum	6	5	9.13	0.549590478	2.015985893	161.3583009	3.198432996	1.9	272.31	0.3724	15.41	101.409	1.982193031
Solanum umbelliferum	15	5	9.13	0.549590478	2.015985893	161.3583009	3.198432996	1.9	272.31	0.3724	15.41	101.409	1.982193031
Solanum umbelliferum	16	5	9.13	0.549590478	2.015985893	161.3583009	3.198432996	1.9	272.31	0.3724	15.41	101.409	1.982193031
Solanum umbelliferum	18	5	9.13	0.549590478	2.015985893	161.3583009	3.198432996	1.9	272.31	0.3724	15.41	101.409	1.982193031
Solanum umbelliferum	30	5	9.13	0.549590478	2.015985893	161.3583009	3.198432996	1.9	272.31	0.3724	15.41	101.409	1.982193031
Solanum umbelliferum	49	5	9.13	0.549590478	2.015985893	161.3583009	3.198432996	1.9	272.31	0.3724	15.41	101.409	1.982193031
Symphoricarpos albus var. laevigatus	1	15	5.496337255	0.781763774	5.18768189	356.9494625	1.55082251	1.7	596.18	0.2184	113.51	130.207	0.434465568
Symphoricarpos albus var. laevigatus	2	5	5.496337255	0.781763774	5.18768189	356.9494625	1.55082251	1.7	596.18	0.2184	113.51	130.207	0.434465568
Symphoricarpos albus var. laevigatus	15	5	5.496337255	0.781763774	5.18768189	356.9494625	1.55082251	1.7	596.18	0.2184	113.51	130.207	0.434465568
Symphoricarpos albus var. laevigatus	40	5	5.496337255	0.781763774	5.18768189	356.9494625	1.55082251	1.7	596.18	0.2184	113.51	130.207	0.434465568
Symphoricarpos albus var. laevigatus	42	5	5.496337255	0.781763774	5.18768189	356.9494625	1.55082251	1.7	596.18	0.2184	113.51	130.207	0.434465568
Symphoricarpos albus var. laevigatus	43	5	5.496337255	0.781763774	5.18768189	356.9494625	1.55082251	1.7	596.18	0.2184	113.51	130.207	0.434465568
Symphoricarpos albus var. laevigatus	45	5	5.496337255	0.781763774	5.18768189	356.9494625	1.55082251	1.7	596.18	0.2184	113.51	130.207	0.434465568
Symphoricarpos albus var. laevigatus	46	5	5.496337255	0.781763774	5.18768189	356.9494625	1.55082251	1.7	596.18	0.2184	113.51	130.207	0.434465568
Symphoricarpos albus var. laevigatus	47	5	5.496337255	0.781763774	5.18768189	356.9494625	1.55082251	1.7	596.18	0.2184	113.51	130.207	0.434465568
Symphoricarpos mollis	2	5	7.9525	0.714931147	5.003646077	365.5852275	1.658164211	0.6	424.96	0.1351	89.34	57.412	0.453564336
Symphoricarpos mollis	3	15	7.9525	0.714931147	5.003646077	365.5852275	1.658164211	0.6	424.96	0.1351	89.34	57.412	0.453564336
Symphoricarpos mollis	5	5	7.9525	0.714931147	5.003646077	365.5852275	1.658164211	0.6	424.96	0.1351	89.34	57.412	0.453564336
Symphoricarpos mollis	9	5	7.9525	0.714931147	5.003646077	365.5852275	1.658164211	0.6	424.96	0.1351	89.34	57.412	0.453564336
Symphoricarpos mollis	15	5	7.9525	0.714931147	5.003646077	365.5852275	1.658164211	0.6	424.96	0.1351	89.34	57.412	0.453564336
Symphoricarpos mollis	19	15	7.9525	0.714931147	5.003646077	365.5852275	1.658164211	0.6	424.96	0.1351	89.34	57.412	0.453564336
Symphoricarpos mollis	20	5	7.9525	0.714931147	5.003646077	365.5852275	1.658164211	0.6	424.96	0.1351	89.34	57.412	0.453564336
Symphoricarpos mollis	26	15	7.9525	0.714931147	5.003646077	365.5852275	1.658164211	0.6	424.96	0.1351	89.34	57.412	0.453564336
Symphoricarpos mollis	27	5	7.9525	0.714931147	5.003646077	365.5852275	1.658164211	0.6	424.96	0.1351	89.34	57.412	0.453564336
Symphoricarpos mollis	28	5	7.9525	0.714931147	5.003646077	365.5852275	1.658164211	0.6	424.96	0.1351	89.34	57.412	0.453564336
Symphoricarpos mollis	38	5	7.9525	0.714931147	5.003646077	365.5852275	1.658164211	0.6	424.96	0.1351	89.34	57.412	0.453564336
Symphoricarpos mollis	41	5	7.9525	0.714931147	5.003646077	365.5852275	1.658164211	0.6	424.96	0.1351	89.34	57.412	0.453564336
Symphoricarpos mollis	42	5	7.9525	0.714931147	5.003646077	365.5852275	1.658164211	0.6	424.96	0.1351	89.34	57.412	0.453564336
Symphoricarpos mollis	43	30	7.9525	0.714931147	5.003646077	365.5852275	1.658164211	0.6	424.96	0.1351	89.34	57.412	0.453564336
Symphoricarpos mollis	46	5	7.9525	0.714931147	5.003646077	365.5852275	1.658164211	0.6	424.96	0.1351	89.34	57.412	0.453564336
Symphoricarpos mollis	48	15	7.9525	0.714931147	5.003646077	365.5852275	1.658164211	0.6	424.96	0.1351	89.34	57.412	0.453564336
Toxicodendron diversilobum	1	30	35.22753247	0.631978905	10.53019346	226.3093795	1.420697927	NA	NA	NA	NA	NA	0.627768027
Toxicodendron diversilobum	2	5	35.22753247	0.631978905	10.53019346	226.3093795	1.420697927	NA	NA	NA	NA	NA	0.627768027
Toxicodendron diversilobum	3	15	35.22753247	0.631978905	10.53019346	226.3093795	1.420697927	NA	NA	NA	NA	NA	0.627768027
Toxicodendron diversilobum	4	5	35.22753247	0.631978905	10.53019346	226.3093795	1.420697927	NA	NA	NA	NA	NA	0.627768027
Toxicodendron diversilobum	5	5	35.22753247	0.631978905	10.53019346	226.3093795	1.420697927	NA	NA	NA	NA	NA	0.627768027
Toxicodendron diversilobum	6	5	35.22753247	0.631978905	10.53019346	226.3093795	1.420697927	NA	NA	NA	NA	NA	0.627768027
Toxicodendron diversilobum	7	50	35.22753247	0.631978905	10.53019346	226.3093795	1.420697927	NA	NA	NA	NA	NA	0.627768027
Toxicodendron diversilobum	9	30	35.22753247	0.631978905	10.53019346	226.3093795	1.420697927	NA	NA	NA	NA	NA	0.627768027
Toxicodendron diversilobum	10	5	35.22753247	0.631978905	10.53019346	226.3093795	1.420697927	NA	NA	NA	NA	NA	0.627768027
Toxicodendron diversilobum	11	5	35.22753247	0.631978905	10.53019346	226.3093795	1.420697927	NA	NA	NA	NA	NA	0.627768027
Toxicodendron diversilobum	12	5	35.22753247	0.631978905	10.53019346	226.3093795	1.420697927	NA	NA	NA	NA	NA	0.627768027
Toxicodendron diversilobum	13	50	35.22753247	0.631978905	10.53019346	226.3093795	1.420697927	NA	NA	NA	NA	NA	0.627768027
Toxicodendron diversilobum	14	30	35.22753247	0.631978905	10.53019346	226.3093795	1.420697927	NA	NA	NA	NA	NA	0.627768027
Toxicodendron diversilobum	15	30	35.22753247	0.631978905	10.53019346	226.3093795	1.420697927	NA	NA	NA	NA	NA	0.627768027
Toxicodendron diversilobum	17	15	35.22753247	0.631978905	10.53019346	226.3093795	1.420697927	NA	NA	NA	NA	NA	0.627768027
Toxicodendron diversilobum	18	15	35.22753247	0.631978905	10.53019346	226.3093795	1.420697927	NA	NA	NA	NA	NA	0.627768027
Toxicodendron diversilobum	19	15	35.22753247	0.631978905	10.53019346	226.3093795	1.420697927	NA	NA	NA	NA	NA	0.627768027
Toxicodendron diversilobum	20	5	35.22753247	0.631978905	10.53019346	226.3093795	1.420697927	NA	NA	NA	NA	NA	0.627768027
Toxicodendron diversilobum	21	5	35.22753247	0.631978905	10.53019346	226.3093795	1.420697927	NA	NA	NA	NA	NA	0.627768027
Toxicodendron diversilobum	22	5	35.22753247	0.631978905	10.53019346	226.3093795	1.420697927	NA	NA	NA	NA	NA	0.627768027
Toxicodendron diversilobum	23	15	35.22753247	0.631978905	10.53019346	226.3093795	1.420697927	NA	NA	NA	NA	NA	0.627768027
Toxicodendron diversilobum	25	5	35.22753247	0.631978905	10.53019346	226.3093795	1.420697927	NA	NA	NA	NA	NA	0.627768027
Toxicodendron diversilobum	26	5	35.22753247	0.631978905	10.53019346	226.3093795	1.420697927	NA	NA	NA	NA	NA	0.627768027
Toxicodendron diversilobum	27	30	35.22753247	0.631978905	10.53019346	226.3093795	1.420697927	NA	NA	NA	NA	NA	0.627768027
Toxicodendron diversilobum	30	5	35.22753247	0.631978905	10.53019346	226.3093795	1.420697927	NA	NA	NA	NA	NA	0.627768027
Toxicodendron diversilobum	34	30	35.22753247	0.631978905	10.53019346	226.3093795	1.420697927	NA	NA	NA	NA	NA	0.627768027
Toxicodendron diversilobum	35	30	35.22753247	0.631978905	10.53019346	226.3093795	1.420697927	NA	NA	NA	NA	NA	0.627768027
Toxicodendron diversilobum	37	5	35.22753247	0.631978905	10.53019346	226.3093795	1.420697927	NA	NA	NA	NA	NA	0.627768027
Toxicodendron diversilobum	38	5	35.22753247	0.631978905	10.53019346	226.3093795	1.420697927	NA	NA	NA	NA	NA	0.627768027
Toxicodendron diversilobum	39	5	35.22753247	0.631978905	10.53019346	226.3093795	1.420697927	NA	NA	NA	NA	NA	0.627768027
Toxicodendron diversilobum	40	15	35.22753247	0.631978905	10.53019346	226.3093795	1.420697927	NA	NA	NA	NA	NA	0.627768027
Toxicodendron diversilobum	41	5	35.22753247	0.631978905	10.53019346	226.3093795	1.420697927	NA	NA	NA	NA	NA	0.627768027
Toxicodendron diversilobum	42	5	35.22753247	0.631978905	10.53019346	226.3093795	1.420697927	NA	NA	NA	NA	NA	0.627768027
Toxicodendron diversilobum	43	15	35.22753247	0.631978905	10.53019346	226.3093795	1.420697927	NA	NA	NA	NA	NA	0.627768027
Toxicodendron diversilobum	45	5	35.22753247	0.631978905	10.53019346	226.3093795	1.420697927	NA	NA	NA	NA	NA	0.627768027
Toxicodendron diversilobum	46	15	35.22753247	0.631978905	10.53019346	226.3093795	1.420697927	NA	NA	NA	NA	NA	0.627768027
Toxicodendron diversilobum	47	5	35.22753247	0.631978905	10.53019346	226.3093795	1.420697927	NA	NA	NA	NA	NA	0.627768027
Toxicodendron diversilobum	48	5	35.22753247	0.631978905	10.53019346	226.3093795	1.420697927	NA	NA	NA	NA	NA	0.627768027
Toxicodendron diversilobum	49	5	35.22753247	0.631978905	10.53019346	226.3093795	1.420697927	NA	NA	NA	NA	NA	0.627768027
Umbellularia californica	1	15	2909.54225	0.515209888	16.15197838	107.5433282	1.808189345	28.4	137.39	0.5002	82.81	68.722	1.681358923
Umbellularia californica	2	30	2909.54225	0.515209888	16.15197838	107.5433282	1.808189345	28.4	137.39	0.5002	82.81	68.722	1.681358923
Umbellularia californica	3	5	2909.54225	0.515209888	16.15197838	107.5433282	1.808189345	28.4	137.39	0.5002	82.81	68.722	1.681358923
Umbellularia californica	5	15	2909.54225	0.515209888	16.15197838	107.5433282	1.808189345	28.4	137.39	0.5002	82.81	68.722	1.681358923
Umbellularia californica	11	5	2909.54225	0.515209888	16.15197838	107.5433282	1.808189345	28.4	137.39	0.5002	82.81	68.722	1.681358923
Umbellularia californica	19	5	2909.54225	0.515209888	16.15197838	107.5433282	1.808189345	28.4	137.39	0.5002	82.81	68.722	1.681358923
Umbellularia californica	20	30	2909.54225	0.515209888	16.15197838	107.5433282	1.808189345	28.4	137.39	0.5002	82.81	68.722	1.681358923
Umbellularia californica	26	5	2909.54225	0.515209888	16.15197838	107.5433282	1.808189345	28.4	137.39	0.5002	82.81	68.722	1.681358923
Umbellularia californica	27	5	2909.54225	0.515209888	16.15197838	107.5433282	1.808189345	28.4	137.39	0.5002	82.81	68.722	1.681358923
Umbellularia californica	30	5	2909.54225	0.515209888	16.15197838	107.5433282	1.808189345	28.4	137.39	0.5002	82.81	68.722	1.681358923
Umbellularia californica	38	5	2909.54225	0.515209888	16.15197838	107.5433282	1.808189345	28.4	137.39	0.5002	82.81	68.722	1.681358923
Umbellularia californica	40	5	2909.54225	0.515209888	16.15197838	107.5433282	1.808189345	28.4	137.39	0.5002	82.81	68.722	1.681358923
Umbellularia californica	41	5	2909.54225	0.515209888	16.15197838	107.5433282	1.808189345	28.4	137.39	0.5002	82.81	68.722	1.681358923
Umbellularia californica	42	5	2909.54225	0.515209888	16.15197838	107.5433282	1.808189345	28.4	137.39	0.5002	82.81	68.722	1.681358923
Umbellularia californica	43	5	2909.54225	0.515209888	16.15197838	107.5433282	1.808189345	28.4	137.39	0.5002	82.81	68.722	1.681358923
Umbellularia californica	45	15	2909.54225	0.515209888	16.15197838	107.5433282	1.808189345	28.4	137.39	0.5002	82.81	68.722	1.681358923
Umbellularia californica	46	30	2909.54225	0.515209888	16.15197838	107.5433282	1.808189345	28.4	137.39	0.5002	82.81	68.722	1.681358923
Umbellularia californica	47	50	2909.54225	0.515209888	16.15197838	107.5433282	1.808189345	28.4	137.39	0.5002	82.81	68.722	1.681358923
Umbellularia californica	48	5	2909.54225	0.515209888	16.15197838	107.5433282	1.808189345	28.4	137.39	0.5002	82.81	68.722	1.681358923
Umbellularia californica	50	5	2909.54225	0.515209888	16.15197838	107.5433282	1.808189345	28.4	137.39	0.5002	82.81	68.722	1.681358923
